vModel=411
rType=0
RaceMode=6
vPosX_0=1390.093139
vPosY_0=1694.016845
vPosZ_0=10.651831
vAngle_0=178.600494
vPosX_1=1389.216186
vPosY_1=1549.246337
vPosZ_1=10.644305
vAngle_1=179.924667
CP_0_PosX=1389.046386
CP_0_PosY=1421.079223
CP_0_PosZ=10.652118
CP_1_PosX=1388.917846
CP_1_PosY=1323.393920
CP_1_PosZ=10.651901
CP_2_PosX=1465.307250
CP_2_PosY=1344.243774
CP_2_PosZ=10.651949
CP_3_PosX=1464.695800
CP_3_PosY=1412.706665
CP_3_PosZ=10.652056
CP_4_PosX=1465.903930
CP_4_PosY=1517.331909
CP_4_PosZ=10.651716
CP_5_PosX=1466.431762
CP_5_PosY=1613.639892
CP_5_PosZ=10.644318
CP_6_PosX=1446.635253
CP_6_PosY=1716.421386
CP_6_PosZ=10.651516
CP_7_PosX=1394.827880
CP_7_PosY=1717.523925
CP_7_PosZ=10.651847
TotalCP=8
