Password=259916644
AdminLevel=10
Money=92196532
Score=386
VipLevel=3
Muted=0
Banned=0
Deaths=38
Kills=4
PlayerIp=192.168.1.21
PosX=-1791.061157
PosY=567.690612
PosZ=332.801940
O_Model_1=19034
O_Bone_1=1
O_OffX_1=0.861999
O_OffY_1=-0.040998
O_OffZ_1=0.000000
O_RotX_1=86.700012
O_RotY_1=84.699974
O_RotZ_1=0.000000
O_ScaleX_1=1.000000
O_ScaleY_1=1.000000
O_ScaleZ_1=1.000000
O_Model_2=18643
O_Bone_2=13
O_OffX_2=-0.527999
O_OffY_2=-0.365000
O_OffZ_2=-0.079999
O_RotX_2=0.000000
O_RotY_2=-174.799987
O_RotZ_2=0.000000
O_ScaleX_2=1.000000
O_ScaleY_2=1.000000
O_ScaleZ_2=1.000000
O_Model_3=18637
O_Bone_3=7
O_OffX_3=0.000000
O_OffY_3=0.000000
O_OffZ_3=-0.078999
O_RotX_3=0.000000
O_RotY_3=0.000000
O_RotZ_3=0.000000
O_ScaleX_3=1.000000
O_ScaleY_3=1.000000
O_ScaleZ_3=1.000000
O_Model_4=19274
O_Bone_4=11
O_OffX_4=0.000000
O_OffY_4=0.000000
O_OffZ_4=0.000000
O_RotX_4=0.000000
O_RotY_4=0.000000
O_RotZ_4=0.000000
O_ScaleX_4=1.000000
O_ScaleY_4=1.000000
O_ScaleZ_4=1.000000
O_Model_5=18642
O_Bone_5=15
O_OffX_5=0.035000
O_OffY_5=0.000000
O_OffZ_5=0.000000
O_RotX_5=0.000000
O_RotY_5=0.000000
O_RotZ_5=0.000000
O_ScaleX_5=1.000000
O_ScaleY_5=1.000000
O_ScaleZ_5=1.000000
O_Model_0=18638
O_Bone_0=2
O_OffX_0=0.159999
O_OffY_0=0.000000
O_OffZ_0=0.000000
O_RotX_0=0.000000
O_RotY_0=0.000000
O_RotZ_0=0.000000
O_ScaleX_0=1.000000
O_ScaleY_0=1.000000
O_ScaleZ_0=1.000000
Skin=56
